0108/08/2024000300000011          2107316,2902171161    1988405,942024/08/31010     468115,85  0,00          8020310710343                      100002024080001
0110/08/2024000300000080          3769891,7102171161    3567852,582024/08/31010      66877,05  0,00          8020283692729                      200002024080002
0112/08/2024197800000008           243802,0802171161     218067,442024/08/31010       2903,38  0,00          8020267326682                      300002024080003
0108/08/2024000300000567          7998731,6502171161    7598795,072024/08/31010    2207336,48  0,00          8023176134739                      400002024080004
0108/08/2024000200000116          2077241,4602171161    1959834,852024/08/31010     459258,81  0,00          8020256944570                      500002024080005
0109/08/2024000300000113          4469859,1502171161    4022873,232024/08/31010    1098800,71  0,00          8020111997048                      600002024080006
0109/08/2024000300000065           610989,1302171161     566895,142024/08/31010      52460,08  0,00          8020270683046                      700002024080007
0108/08/2024000300000151           658759,2802171161     612276,782024/08/31010      62133,66  0,00          8020187783292                      800002024080008
0107/08/2024000400000023          2523027,2002171161    2383331,302024/08/31010     590542,71  0,00          8020305653471                      900002024080009
0109/08/2024000200000164          4874332,0002171161    4630615,402024/08/31010    1287200,78  0,00          8030712139117                     1000002024080010
0108/08/2024000200000128          1377492,6002171161    1308617,972024/08/31010     257381,58  0,00          8020144773153                     1100002024080011
0112/08/2024000100000251           251215,4202171161     225110,112024/08/31010       3255,51  0,00          8027185000120                     1200002024080012
0108/08/2024000400000032          1855708,8702171161    1749378,892024/08/31010     394017,46  0,00          8027302233808                     1300002024080013
0107/08/2024000200000028           250131,3102171161     224080,202024/08/31010       3204,01  0,00          8020359420782                     1400002024080014
0110/08/2024000400000029          3691051,7902171161    3492954,662024/08/31010     934525,95  0,00          8020283842313                     1500002024080015
0107/08/2024000300000113           765907,3502171161     727611,982024/08/31010      88660,76  0,00          8027266254666                     1600002024080016
0112/08/2024000300000041          2193135,3302171161    2069934,022024/08/31010     493389,55  0,00          8020247589415                     1700002024080017
0112/08/2024000400000168          1122567,2002171161    1052894,302024/08/31010     178107,24  0,00          8020304210657                     1800002024080018
0109/08/2024000200000069          7915790,9202171161    7124211,822024/08/31010    2060215,67  0,00          8020214285739                     1900002024080019
0111/08/2024000200000066          1919703,5602171161    1810173,852024/08/31010     412863,90  0,00          8020223897445                     2000002024080020
0108/08/2024000200000227          5502696,8802171161    5227562,042024/08/31010    1472254,24  0,00          8027210656222                     2100002024080021
0108/08/2024000300000668          1411116,1002171161    1340560,302024/08/31010     267283,70  0,00          8027181553125                     2200002024080022
0108/08/2024000500000014          6258290,9502171161    5931831,862024/08/31010    1690577,88  0,00          8027271785173                     2300002024080023
0110/08/2024000300000021           178020,1302171161     169119,122024/08/31010        455,96  0,00          8020249076822                     2400002024080024
0107/08/2024000300000115          5865376,6502171161    5572107,822024/08/31010    1579063,43  0,00          8020117034330                     2500002024080025
0107/08/2024000300000118           601846,8202171161     558209,942024/08/31010      50809,89  0,00          8027227021689                     2600002024080026
0107/08/2024000200000153          1980715,8102171161    1881680,022024/08/31010     435030,81  0,00          8020289537679                     2700002024080027
0112/08/2024000200000066          1176433,8002171161    1104067,572024/08/31010     193970,95  0,00          8027309784540                     2800002024080028
0108/08/2024000200000220          3701042,3502171161    3515990,232024/08/31010     941666,98  0,00          8020226401092                     2900002024080029
0108/08/2024000300000059          2641625,9502171161    2509544,662024/08/31010     629668,85  0,00          8020256108071                     3000002024080030
0107/08/2024000300000055          1295585,2702171161    1230806,012024/08/31010     233259,87  0,00          8020925450708                     3100002024080031
0108/08/2024000500000177          1653425,1102171161    1570753,852024/08/31010     338643,70  0,00          8027225917529                     3200002024080032
0107/08/2024000300000115           423995,3402171161     389251,032024/08/31010      20897,66  0,00          8020250907878                     3300002024080033
0109/08/2024000200000119         10278298,0002171161    9764383,102024/08/31010    2878668,77  0,00          8020082900005                     3400002024080034
0112/08/2024000200000021           329359,1902171161     299346,692024/08/31010       9701,21  0,00          8020284633424                     3500002024080035
0112/08/2024000300000040          3731737,2902171161    3545150,432024/08/31010     950706,64  0,00          8020189031441                     3600002024080036
0112/08/2024000300000118          1292880,6402171161    1228236,612024/08/31010     232463,35  0,00          8020939767755                     3700002024080037
0108/08/2024000300000057          1967990,9302171161    1869591,382024/08/31010     431283,33  0,00          8020073730857                     3800002024080038
0110/08/2024000200000296          1965192,8202171161    1768673,542024/08/31010     399998,80  0,00          8020137980011                     3900002024080039
0112/08/2024000200000168          2555963,3002171161    2414620,592024/08/31010     600242,39  0,00          8027269522637                     4000002024080040
0109/08/2024000200000029           371450,8302171161     352878,292024/08/31010      16045,40  0,00          8020359516275                     4100002024080041
0112/08/2024000400000064         13745470,9002171161   13156148,902024/08/31010    3930116,16  0,00          8020293318841                     4200002024080042
0109/08/2024000300000042           820186,6402171161     765632,772024/08/31010      98910,85  0,00          8020949495656                     4300002024080043
0112/08/2024000200000128         12880792,5102171161   12772640,812024/08/31010    3811228,66  0,00          8020257975631                     4400002024080044
0107/08/2024000200000245          3571985,6502171161    3393386,372024/08/31010     903659,78  0,00          8020217142963                     4500002024080045
0108/08/2024000300000120          1626643,7602171161    1545311,572024/08/31010     330756,59  0,00          8020218354263                     4600002024080046
0109/08/2024000200000041          4722046,5302171161    4249841,872024/08/31010    1169160,98  0,00          8023207902659                     4700002024080047
0108/08/2024000300000120          4702012,8802171161    4466912,242024/08/31010    1236452,80  0,00          8027137240772                     4800002024080048
0109/08/2024000200000110          7186803,9202171161    6468123,522024/08/31010    1856828,30  0,00          8020125664386                     4900002024080049
0112/08/2024000400000463          1562900,0902171161    1471210,552024/08/31010     307785,28  0,00          8020119242860                     5000002024080050
0109/08/2024000300000164          2356782,7802171161    2238943,652024/08/31010     545782,53  0,00          8023136360159                     5100002024080051
0112/08/2024000300000070           387898,5002171161     368503,572024/08/31010      17920,43  0,00          8020316040994                     5200002024080052
0109/08/2024000200000018           862010,8802171161     805365,802024/08/31010     109638,77  0,00          8020181550830                     5300002024080053
0111/08/2024000300000112          3922847,6402171161    3530562,882024/08/31010     946184,50  0,00          8023179415089                     5400002024080054
0108/08/2024000300000063          2341487,5202171161    2224413,142024/08/31010     541278,08  0,00          8027264177095                     5500002024080055
0107/08/2024000200000185          4133311,8402171161    3926646,252024/08/31010    1068970,34  0,00          8020214054621                     5600002024080056
0109/08/2024000100000065           840182,1302171161     798173,022024/08/31010     107696,72  0,00          8027190399988                     5700002024080057
0112/08/2024000300000080          1733736,3002171161    1647049,482024/08/31010     362295,34  0,00          8020184158184                     5800002024080058
0112/08/2024000300000184          1963316,8702171161    1865151,032024/08/31010     429906,82  0,00          8027255402833                     5900002024080059
0108/08/2024000300000237          1334957,9902171161    1268210,092024/08/31010     244855,13  0,00          8027142843604                     6000002024080060
0108/08/2024000300000140          1962819,2702171161    1864678,312024/08/31010     429760,28  0,00          8027253131964                     6100002024080061
0111/08/2024000200000467          1337094,6802171161    1270239,952024/08/31010     245484,39  0,00          8020162251873                     6200002024080062
0107/08/2024000500000447           275008,5602171161     261258,132024/08/31010       6273,24  0,00          8020166422184                     6300002024080063
0107/08/2024000200000132          9966349,1102171161    9468031,652024/08/31010    2786799,82  0,00          8027126006093                     6400002024080064
0111/08/2024000300000073          3495984,9402171161    3321185,702024/08/31010     881277,57  0,00          8020302925705                     6500002024080065
0112/08/2024000300000335          4553533,7102171161    4312312,482024/08/31010    1188526,87  0,00          8023238038529                     6600002024080066
0107/08/2024000300000036          2999136,0102171161    2849179,212024/08/31010     734955,56  0,00          8027310700865                     6700002024080067
0110/08/2024000300000105           551035,9002171161     523484,102024/08/31010      44211,98  0,00          8024257316528                     6800002024080068
0112/08/2024000300000617          1074917,7402171161    1021171,852024/08/31010     168273,28  0,00          8027226676088                     6900002024080069
0108/08/2024000300000009           835699,3502171161     780369,842024/08/31010     102889,86  0,00          8023300819729                     7000002024080070
0112/08/2024000200000117          6174190,3702171161    5865480,852024/08/31010    1670009,07  0,00          8020172544410                     7100002024080071
0109/08/2024000100000074           975714,6902171161     913384,422024/08/31010     138803,80  0,00          8027220755040                     7200002024080072
0107/08/2024000400000145           262789,7702171161     249650,282024/08/31010       5228,53  0,00          8027220612096                     7300002024080073
0109/08/2024000400000088          3296302,8702171161    3131487,732024/08/31010     822471,20  0,00          8020278235468                     7400002024080074
0108/08/2024000200000151          3137281,1402171161    2980417,082024/08/31010     775639,30  0,00          8020248699133                     7500002024080075
0109/08/2024000600000038          3543562,9102171161    3366384,762024/08/31010     895289,28  0,00          8020112739786                     7600002024080076
0107/08/2024000300000058           322802,1702171161     306662,062024/08/31010      10499,45  0,00          8023304476389                     7700002024080077
0108/08/2024000300000103           371575,8202171161     339452,492024/08/31010      14434,30  0,00          8020128436511                     7800002024080078
0108/08/2024000300000080          5963262,5302171161    5665099,412024/08/31010    1607890,82  0,00          8020254403912                     7900002024080079
0112/08/2024000300000217           933358,8502171161     840022,972024/08/31010     118996,21  0,00          8020184159822                     8000002024080080
0111/08/2024000400000061           330955,5902171161     300863,272024/08/31010       9837,70  0,00          8027244047845                     8100002024080081
0111/08/2024000300000113          6521024,5302171161    6253046,782024/08/31010    1790154,51  0,00          8020261150590                     8200002024080082
0108/08/2024000100000140          2796311,7402171161    2642951,622024/08/31010     671025,01  0,00          8020268391410                     8300002024080083
0112/08/2024000500000034          1964193,5002171161    1865983,832024/08/31010     430164,99  0,00          8020940082979                     8400002024080084
0109/08/2024000300000012           435745,8102171161     435745,812024/08/31010      27871,88  0,00          8020953830478                     8500002024080085
0107/08/2024000700000033          1071857,8802171161    1018264,992024/08/31010     167372,15  0,00          8020083825325                     8600002024080086
0109/08/2024000100000125          2657610,3002171161    2524729,782024/08/31010     634376,24  0,00          8020176608022                     8700002024080087
0107/08/2024000200000197          1688263,9602171161    1590306,222024/08/31010     344704,93  0,00          8020116169127                     8800002024080088
0107/08/2024000300000046           523456,1202171161     483738,772024/08/31010      36660,37  0,00          8020244061878                     8900002024080089
0111/08/2024000400000084          3349195,7302171161    3181735,952024/08/31010     838048,15  0,00          8023182939269                     9000002024080090
0108/08/2024000300000011           261349,2702171161     234737,272024/08/31010       3886,36  0,00          8020190295770                     9100002024080091
0109/08/2024000300000037           205715,2102171161     181884,912024/08/31010       1094,25  0,00          8020286223142                     9200002024080092
0107/08/2024000200000110          3112450,4702171161    2801205,432024/08/31010     720083,69  0,00          8027170915130                     9300002024080093
0108/08/2024000200000440          7039799,5302171161    6759382,502024/08/31010    1947118,58  0,00          8020176945142                     9400002024080094
0107/08/2024000300000336          4209792,8402171161    3999303,202024/08/31010    1091494,00  0,00          8020110760923                     9500002024080095
0111/08/2024000300000080           679139,5302171161     645182,552024/08/31010      69701,99  0,00          8020235299950                     9600002024080096
0112/08/2024000200000613          1136382,1102171161    1066018,462024/08/31010     182175,73  0,00          8020266381280                     9700002024080097
0112/08/2024000200000028          3845741,1202171161    3653454,062024/08/31010     984280,76  0,00          8027188545713                     9800002024080098
0108/08/2024000200000221          2856351,0102171161    2713533,462024/08/31010     692905,38  0,00          8020188666281                     9900002024080099
0107/08/2024000300000024          1089887,9202171161    1021848,982024/08/31010     168483,19  0,00          8020330395045                    10000002024080100
0111/08/2024001000000616           235603,2802171161     223823,122024/08/31010       3191,16  0,00          8020133026631                    10100002024080101
0112/08/2024000600000093           408883,0502171161     367994,752024/08/31010      17859,37  0,00          8020171077886                    10200002024080102
0107/08/2024000200000135          3819893,5002171161    3628898,822024/08/31010     976668,64  0,00          8020241590268                    10300002024080103
0111/08/2024000200000182          3445681,4502171161    3101113,312024/08/31010     813055,13  0,00          8020236188176                    10400002024080104
0108/08/2024000100000102           720670,1802171161     648603,162024/08/31010      70488,73  0,00          8027202131773                    10500002024080105
0101/08/2024000300000043           276049,2502171161     249588,332024/08/31010       5222,95  0,00          8020244061878                    10600002024080106
